7059
8589
14064
16635
17924
18087
20102
20263
21904
23824
24044
25869
27801
31551
33043
33363
35306
36734
40997
43710
44798
46074
54872
55415
56401
56947
60301
60969
61512
64259
64495
64660
68979
70809
76749
80015
81105
81594
81714
81862
82119
82214
82232
86341
90946
92316
93097
96924
98459
99979
101094
103570
107250
108642
109324
110512
111421
112893
115060
115486
116161
118220
126598
129604
129662
132220
132634
134707
135942
137217
141571
143245
146938
147331
147540
149546
151380
155691
156596
159128
159425
160180
160327
162328
165668
166997
167404
170471
171219
171615
172451
174679
175029
176231
177138
177215
178991
181012
181896
184419
184621
185621
187940
191232
194782
195289
195441
200725
202217
202604
203870
204313
213920
220036
224409
226695
227809
230356
230998
231067
231325
235048
235390
235431
235766
236153
236410
237014
237695
237854
238164
239604
239630
240261
241140
245398
245415
246508
247193
249275
253932
254746
256294
256665
257085
257801
260320
261982
262245
262576
263935
264287
267560
268285
272228
272630
275841
279600
279889
282981
284373
284869
286088
286950
289316
289732
290038
290225
292548
293465
293637
293817
294219
294733
296407
298917
299214
301878
302182
304497
304870
305312
306279
306649
308673
310834
311259
315131
317191
317759
320122
323432
324279
325687
325729
327826
336420
337559
339111
339399
342573
343904
349174
351991
354510
357949
359557
359836
361536
361983
364067
368791
371923
373185
373432
376197
376654
378343
381176
386759
387562
389039
391099
391180
392408
395728
395784
402684
404211
406581
406896
408011
408562
408923
409537
409937
413725
414394
414669
414852
416440
416987
417966
419618
419837
423068
423512
425554
430283
432595
433892
435753
435907
435990
436072
436251
438249
439508
440831
441979
446326
447801
451030
452624
453010
454313
455641
455974
457195
460842
461881
461956
462404
465352
465391
465916
466387
466836
467593
469581
471532
473964
474535
475097
476748
479140
480012
489971
492234
494971
497332
498761
499525
500434
503971
505634
514397
517772
518671
529165
534798
536827
539458
540696
545305
547467
551760
557521